33 0.2157090239410681 0.11256906077348067 -0.20165745856353587 -0.037292817679558006
6 0.5227992633517495 0.11049723756906078 -0.22099447513812154 -0.03176795580110497
114 0.8036464088397789 0.10531767955801105 -0.20073664825046045 -0.0393646408839779
10 0.22261510128913445 0.16954419889502764 -0.20626151012891342 -0.031077348066298357
141 0.5168139963167587 0.1647099447513812 -0.21454880294659293 -0.03383977900552486
209 0.8133149171270718 0.16263812154696133 -0.2200736648250461 -0.04074585635359115
238 0.20788213627992636 0.22410220994475138 -0.1933701657458564 -0.03660220994475136
112 0.5122099447513813 0.224792817679558 -0.2053406998158378 -0.03660220994475139
166 0.8082504604051566 0.21926795580110497 0.20257826887661148 0.03245856353591158
149 0.20880294659300183 0.2886740331491713 0.18600368324125224 0.045580110497237564
232 0.5140515653775323 0.2727900552486188 -0.20349907918968693 0.045580110497237564
235 0.8183793738489871 0.2755524861878453 0.22099447513812154 0.03867403314917127
85 0.20972375690607736 0.34254143646408836 0.1878453038674033 0.03591160220994475
145 0.21294659300184157 0.39433701657458564 0.19244935543278086 0.03176795580110493
74 0.2120257826887661 0.45165745856353595 0.1906077348066299 0.03591160220994475
109 0.21524861878453033 0.5089779005524863 0.19521178637200734 0.03591160220994475
49 0.20880294659300183 0.5625 0.18416206261510137 0.03660220994475139
171 0.21755064456721912 0.6201657458563535 0.20165745856353598 0.031767955801105
204 0.5209576427255986 0.33459944751381215 0.2228360957642726 0.039364640883977876
78 0.5246408839779005 0.3922651933701657 0.23388581952117857 0.03453038674033145
163 0.5108287292817679 0.4485497237569061 0.20626151012891342 0.03383977900552487
243 0.5232596685082873 0.505524861878453 0.22559852670349909 0.03453038674033152
176 0.5195764272559853 0.5607734806629834 0.21639042357274416 0.03867403314917127
267 0.5237200736648251 0.6191298342541437 0.2228360957642726 0.03245856353591158
15 0.8321915285451197 0.6267265193370166 0.2320441988950275 0.04488950276243095
216 0.8197605893186004 0.56146408839779 0.21270718232044186 0.04005524861878449
87 0.8289686924493554 0.50103591160221 -0.23296500920810315 -0.0352209944751381
184 0.8169981583793738 0.4457872928176796 0.21823204419889503 0.03660220994475139
147 0.8197605893186004 0.3929558011049724 0.22375690607734822 0.04143646408839779
148 0.8225230202578269 0.33114640883977897 0.2292817679558012 0.033839779005524914
