8 0.20903381642512076 0.14967391304347824 0.23309178743961356 0.045289855072463754
51 0.48862318840579705 0.15827898550724637 0.21497584541062814 0.040760869565217364
116 0.7531159420289855 0.16416666666666666 0.19565217391304335 0.03804347826086957
142 0.2084299516908212 0.20628623188405798 0.21739130434782616 0.040760869565217385
37 0.20299516908212553 0.25882246376811596 0.21376811594202896 0.03894927536231887
82 0.2084299516908212 0.31634057971014495 0.21739130434782616 0.039855072463768126
50 0.21024154589371977 0.3697826086956522 0.2282608695652174 0.028985507246376798
34 0.21628019323671496 0.4218659420289855 0.23550724637681159 0.03351449275362313
236 0.21688405797101445 0.476213768115942 0.2342995169082126 0.03894927536231883
211 0.2180917874396135 0.5359963768115942 0.23913043478260868 0.04981884057971016
212 0.28089371980676325 0.537355072463768 0.0 0.0
117 0.21326086956521736 0.5889855072463768 0.2222222222222222 0.03804347826086961
110 0.21990338164251205 0.6401630434782608 0.2258454106280193 0.03894927536231876
240 0.49768115942028984 0.6419746376811594 0.20410628019323668 0.05344202898550726
2 0.7748550724637681 0.6320108695652173 0.20772946859903396 0.04257246376811594
38 0.7682125603864733 0.5726811594202899 0.19927536231884044 0.04347826086956524
3 0.7694202898550724 0.5192391304347825 0.20410628019323668 0.039855072463768126
75 0.7633816425120772 0.4671557971014492 0.19685990338164253 0.03894927536231883
140 0.7676086956521738 0.41778985507246374 0.20772946859903377 0.03804347826086953
182 0.7633816425120773 0.3666123188405797 0.20410628019323687 0.04438405797101453
260 0.7633816425120772 0.31317028985507245 0.19685990338164253 0.037137681159420274
239 0.7645893719806762 0.26289855072463764 0.2065217391304348 0.04347826086956524
207 0.7591545893719805 0.21307971014492752 0.20531400966183566 0.04166666666666668
13 0.4928502415458937 0.21353260869565216 0.21376811594202896 0.051630434782608675
230 0.49466183574879224 0.26289855072463764 0.22463768115942023 0.039855072463768126
16 0.503719806763285 0.319963768115942 0.23067632850241543 0.04347826086956524
5 0.5055314009661834 0.3702355072463767 0.21739130434782605 0.03894927536231883
168 0.4928502415458937 0.4200543478260869 0.20893719806763272 0.04076086956521742
269 0.5013043478260869 0.4734963768115942 0.2258454106280192 0.03713768115942031
178 0.4922463768115941 0.5255797101449275 0.20289855072463772 0.04347826086956524
83 0.49888888888888877 0.5794746376811594 0.21859903381642504 0.04076086956521735
