19 0.18306763285024152 0.1034782608695652 0.2318840579710145 0.04528985507246377
165 0.18185990338164246 0.16009057971014493 0.22705314009661845 0.040760869565217385
45 0.15951690821256034 0.21579710144927533 0.19685990338164253 0.03804347826086957
1 0.16917874396135263 0.2751268115942029 0.19685990338164253 0.04257246376811594
77 0.17756038647342992 0.3330978260869565 0.22101449275362314 0.04257246376811594
170 0.17091787439613526 0.38653985507246374 0.20531400966183574 0.033514492753623205
145 0.18239130434782605 0.444963768115942 0.22101449275362314 0.041666666666666644
13 0.1878260869565217 0.5061050724637681 0.23429951690821252 0.04438405797101446
48 0.17574879227053136 0.5599999999999999 0.21256038647343 0.039855072463768126
120 0.18057971014492746 0.616159420289855 0.2222222222222222 0.04710144927536242
36 0.4692270531400965 0.616159420289855 0.21256038647342992 0.045289855072463754
167 0.7935024154589372 0.612536231884058 0.23067632850241543 0.04347826086956524
81 0.7904830917874396 0.5568297101449275 0.2318840579710144 0.048007246376811565
244 0.7796135265700482 0.4961413043478261 0.2222222222222223 0.04619565217391305
234 0.7838405797101449 0.4354528985507246 0.2258454106280192 0.04438405797101453
111 0.788671497584541 0.37748188405797095 0.2379227053140098 0.04438405797101446
263 0.787463768115942 0.32132246376811596 0.23067632850241543 0.0480072463768116
40 0.7765942028985506 0.25882246376811596 0.21859903381642504 0.04981884057971012
262 0.7814251207729468 0.19903985507246374 0.20893719806763272 0.04076086956521742
242 0.773574879227053 0.14378623188405795 0.2125603864734298 0.040760869565217385
73 0.7759903381642511 0.08536231884057971 0.21256038647343 0.04891304347826087
266 0.4692270531400965 0.09713768115942027 0.22463768115942032 0.03985507246376812
9 0.48371980676328497 0.1514855072463768 0.2318840579710144 0.036231884057971016
146 0.4879468599033816 0.211268115942029 0.2475845410628019 0.03985507246376809
203 0.4807004830917874 0.27105072463768115 0.23309178743961356 0.04710144927536234
108 0.4734541062801932 0.32585144927536236 0.22101449275362323 0.04076086956521742
215 0.47586956521739127 0.38382246376811596 0.2161835748792271 0.04257246376811594
37 0.47285024154589367 0.4404347826086956 0.21739130434782605 0.039855072463768126
11 0.49458937198067626 0.49931159420289845 0.24637681159420294 0.048913043478260865
246 0.4734541062801932 0.5586413043478261 0.21859903381642504 0.04438405797101446
