175 0.1908454106280193 0.1455978260869565 0.23309178743961356 0.044384057971014496
237 0.18963768115942023 0.20311594202898547 0.22342995169082128 0.03985507246376809
177 0.20413043478260867 0.2592753623188406 0.25241545893719813 0.048913043478260865
46 0.1829951690821256 0.31679347826086957 0.2222222222222222 0.03894927536231887
35 0.18359903381642506 0.37612318840579706 0.2041062801932368 0.041666666666666644
0 0.19024154589371975 0.435 0.21256038647342992 0.03985507246376806
76 0.1950724637681159 0.4825543478260869 0.21739130434782616 0.04257246376811594
229 0.22285024154589372 0.5409782608695651 0.2753623188405797 0.05253623188405797
43 0.198695652173913 0.6021195652173913 0.22463768115942032 0.04076086956521735
265 0.1938647342995169 0.6596376811594202 0.2101449275362319 0.048913043478260865
261 0.4897584541062802 0.6496739130434781 0.20772946859903385 0.036231884057971085
115 0.4909661835748792 0.5948731884057971 0.2101449275362318 0.04076086956521735
88 0.48311594202898545 0.5427898550724638 0.19927536231884055 0.03804347826086961
86 0.4813043478260869 0.4843659420289855 0.19565217391304346 0.03713768115942031
233 0.47707729468599025 0.4359057971014492 0.21135265700483086 0.041666666666666644
39 0.47164251207729463 0.3797463768115942 0.18599033816425126 0.045289855072463754
113 0.48371980676328497 0.3253985507246377 0.21739130434782605 0.045289855072463754
179 0.47647342995169084 0.2696920289855072 0.20772946859903385 0.040760869565217385
208 0.4807004830917874 0.2139855072463768 0.21376811594202896 0.04347826086956524
241 0.48734299516908214 0.15963768115942029 0.21497584541062803 0.054347826086956506
164 0.7530434782608695 0.16099637681159418 0.19565217391304354 0.051630434782608675
44 0.7518357487922704 0.21806159420289853 0.19565217391304335 0.037137681159420274
1 0.7530434782608695 0.27014492753623187 0.1884057971014494 0.03985507246376809
41 0.7621014492753623 0.32132246376811596 0.2161835748792269 0.03532608695652176
169 0.7554589371980677 0.37838768115942023 0.1908212560386473 0.04257246376811594
144 0.753647342995169 0.4304710144927536 0.18961352657004835 0.036231884057971016
14 0.769951690821256 0.48572463768115937 0.21497584541062814 0.03804347826086953
47 0.7554589371980676 0.5382608695652173 0.18599033816425126 0.036231884057970946
119 0.7560628019323672 0.5894384057971014 0.1847826086956521 0.04076086956521735
245 0.7614975845410628 0.6451449275362319 0.19323671497584544 0.041666666666666644
