80 0.21620772946859898 0.1333695652173913 0.22342995169082128 0.041666666666666664
162 0.20473429951690814 0.189981884057971 0.1908212560386473 0.04981884057971012
150 0.21198067632850237 0.24749999999999997 0.20531400966183574 0.036231884057971016
213 0.21620772946859898 0.3004891304347826 0.21135265700483086 0.044384057971014496
264 0.2168115942028985 0.3543840579710145 0.2101449275362318 0.036231884057971016
231 0.2149999999999999 0.41054347826086957 0.21376811594202896 0.036231884057971016
259 0.20956521739130435 0.4671557971014492 0.19565217391304346 0.03713768115942031
227 0.2089613526570048 0.5196920289855071 0.2065217391304348 0.04076086956521735
181 0.2095652173913043 0.5763043478260869 0.20289855072463772 0.036231884057971016
172 0.21439613526570045 0.6351811594202899 0.20772946859903377 0.04710144927536227
143 0.5024396135265701 0.6383514492753622 0.2065217391304347 0.04257246376811587
52 0.8122222222222223 0.6401630434782608 0.23671497584541065 0.048007246376811565
210 0.8055797101449275 0.5830978260869565 0.22101449275362314 0.03894927536231883
228 0.8025603864734299 0.5237681159420289 0.21256038647343 0.048913043478260865
7 0.8128260869565216 0.46625 0.22826086956521732 0.03894927536231883
79 0.8092028985507247 0.4091847826086956 0.24275362318840585 0.051630434782608675
42 0.8158454106280192 0.3503079710144927 0.23188405797101458 0.03894927536231883
173 0.8164492753623188 0.2968659420289855 0.24275362318840585 0.04619565217391308
205 0.8104106280193236 0.23617753623188403 0.2258454106280192 0.03894927536231883
84 0.8092028985507247 0.1804710144927536 0.23067632850241543 0.048913043478260865
183 0.80256038647343 0.11978260869565217 0.2222222222222223 0.05253623188405797
214 0.5072705314009661 0.12567028985507248 0.21135265700483086 0.04257246376811594
206 0.4982125603864734 0.185 0.21014492753623198 0.03985507246376809
139 0.49881642512077295 0.24161231884057968 0.2041062801932368 0.03713768115942031
4 0.5102898550724637 0.300036231884058 0.2101449275362319 0.03804347826086957
174 0.5066666666666667 0.35574275362318847 0.21980676328502427 0.04619565217391305
12 0.5102898550724637 0.41190217391304346 0.2101449275362319 0.03532608695652172
268 0.5108937198067631 0.46896739130434784 0.216183574879227 0.04438405797101446
118 0.4939855072463768 0.5255797101449275 0.19202898550724645 0.0344202898550725
180 0.5060628019323671 0.5808333333333333 0.21135265700483086 0.045289855072463754
