196 0.17091787439613523 0.13472826086956521 0.2004830917874396 0.044384057971014475
121 0.465 0.14152173913043478 0.17753623188405804 0.036231884057971016
66 0.7506280193236715 0.15193840579710144 0.19323671497584544 0.03894927536231885
156 0.7530434782608695 0.20809782608695648 0.1884057971014494 0.03894927536231887
253 0.7596859903381642 0.26516304347826086 0.20410628019323668 0.03894927536231883
130 0.7596859903381642 0.32630434782608697 0.20169082125603877 0.04528985507246379
23 0.75243961352657 0.37929347826086957 0.17512077294685982 0.0389492753623189
125 0.7482125603864734 0.43092391304347827 0.17149758454106293 0.04076086956521742
89 0.754855072463768 0.4898007246376811 0.1944444444444444 0.029891304347826095
126 0.7439855072463768 0.5495833333333333 0.17270531400966188 0.04257246376811594
274 0.7572705314009662 0.6071014492753622 0.2065217391304348 0.039855072463768126
220 0.7578743961352656 0.6614492753623188 0.20772946859903377 0.04166666666666671
54 0.45896135265700483 0.6677898550724638 0.17995169082125595 0.04166666666666671
97 0.16427536231884057 0.6637137681159418 0.19202898550724637 0.04438405797101453
128 0.16789855072463764 0.6089130434782608 0.1944444444444444 0.045289855072463754
125 0.16548309178743958 0.5509420289855073 0.18961352657004835 0.045289855072463754
56 0.1588405797101449 0.4929710144927536 0.18115942028985502 0.045289855072463754
250 0.16065217391304346 0.43318840579710144 0.17753623188405793 0.04166666666666671
60 0.1594444444444444 0.3725 0.1871980676328502 0.048913043478260865
23 0.1685024154589372 0.31317028985507245 0.18357487922705315 0.048007246376811565
65 0.16487922705314006 0.2529347826086956 0.19323671497584533 0.04347826086956524
28 0.162463768115942 0.19269927536231884 0.1884057971014492 0.03894927536231883
158 0.463792270531401 0.20628623188405798 0.17995169082125606 0.04619565217391301
21 0.4577536231884058 0.2647101449275362 0.16787439613526564 0.041666666666666644
102 0.4625845410628019 0.32132246376811596 0.18236714975845417 0.04257246376811597
137 0.4619806763285023 0.3770289855072464 0.178743961352657 0.041666666666666644
101 0.4565458937198067 0.4327355072463767 0.1727053140096618 0.04076086956521742
153 0.4595652173913044 0.4916123188405797 0.17391304347826095 0.04619565217391305
69 0.45533816425120766 0.5473188405797101 0.17512077294685982 0.039855072463768126
90 0.45775362318840584 0.606195652173913 0.17753623188405804 0.0344202898550725
