274 0.1743265993265993 0.16323953823953824 0.17316017316017313 0.03427128427128425
106 0.1725228475228475 0.21013708513708515 -0.1695526695526695 0.04329004329004328
157 0.1725228475228475 0.2628968253968254 -0.1695526695526695 0.045995670995671
221 0.1725228475228475 0.3147546897546898 -0.1695526695526695 0.04509379509379509
186 0.1731240981240981 0.36841630591630586 0.1827801827801828 0.035173160173160176
276 0.1713203463203463 0.42162698412698413 -0.17436267436267433 0.044191919191919185
271 0.15749158249158246 0.4811507936507937 -0.15392015392015393 0.049603174603174614
92 0.1719215969215969 0.5375180375180375 0.1875901875901876 0.04329004329004328
124 0.16590909090909087 0.5965909090909091 -0.17797017797017795 0.04779942279942281
134 0.15388407888407885 0.6628787878787878 0.16594516594516598 0.041486291486291474
151 0.47555315055315056 0.6547619047619048 0.21284271284271283 0.0468975468975469
255 0.7563371813371813 0.6389790764790765 0.19961519961519947 0.049603174603174614
70 0.7521284271284272 0.5817099567099567 0.18879268879268893 0.03968253968253966
199 0.7551346801346801 0.523088023088023 0.20202020202020188 0.03968253968253966
275 0.7437109187109188 0.47168109668109665 0.20081770081770098 0.04689754689754682
128 0.7292809042809043 0.41035353535353536 -0.17917267917267926 0.0468975468975469
133 0.7280784030784031 0.36300505050505055 0.19841269841269837 0.035173160173160134
100 0.7196608946608947 0.31114718614718617 0.18879268879268893 0.036075036075036045
99 0.7136483886483886 0.26334776334776333 0.17917267917267907 0.04509379509379509
125 0.7064333814333814 0.21554834054834054 0.17676767676767685 0.04329004329004328
123 0.698015873015873 0.16504329004329005 0.17436267436267444 0.03607503607503608
65 0.4448893698893699 0.16098484848484848 0.17316017316017313 0.044191919191919185
249 0.4412818662818663 0.20923520923520925 0.16835016835016842 0.032467532467532464
270 0.4478956228956229 0.2565836940836941 0.1863876863876864 0.03697691197691198
273 0.45631313131313134 0.30844155844155846 0.18157768157768156 0.037878787878787894
56 0.4515031265031265 0.36571067821067815 0.1863876863876864 0.035173160173160134
96 0.4551106301106301 0.41711760461760466 0.18157768157768148 0.03697691197691195
126 0.46112313612313616 0.4680735930735931 -0.18157768157768156 0.04509379509379509
223 0.4701418951418952 0.5307539682539683 0.19721019721019725 0.03697691197691195
201 0.4701418951418952 0.5934343434343434 0.20202020202020207 0.0468975468975469
