251 0.19386473429951684 0.09577898550724637 0.21256038647342992 0.04800724637681159
188 0.1890338164251207 0.15057971014492752 0.2222222222222222 0.047101449275362306
187 0.1908454106280193 0.2067391304347826 0.20169082125603857 0.034420289855072464
29 0.19688405797101444 0.2642572463768116 0.2065217391304347 0.03532608695652172
100 0.18963768115942028 0.319963768115942 0.20169082125603865 0.04347826086956524
192 0.1872222222222222 0.37567028985507245 0.18961352657004835 0.04076086956521735
53 0.18480676328502413 0.4363586956521739 0.1847826086956522 0.03894927536231883
248 0.1938647342995169 0.49251811594202893 0.2004830917874396 0.03532608695652179
134 0.19386473429951684 0.5545652173913043 0.19806763285024157 0.04166666666666671
107 0.19326086956521735 0.6170652173913044 0.19927536231884055 0.045289855072463824
274 0.482512077294686 0.6138949275362319 0.20289855072463772 0.04619565217391305
201 0.788671497584541 0.6111775362318841 0.1944444444444444 0.05344202898550726
202 0.7850483091787439 0.5418840579710145 0.1944444444444444 0.039855072463768126
190 0.786256038647343 0.4816485507246377 0.2161835748792271 0.04619565217391305
68 0.7904830917874396 0.4214130434782608 0.21497584541062814 0.05072463768115945
199 0.80256038647343 0.3657065217391304 0.251207729468599 0.03713768115942031
107 0.7796135265700482 0.30592391304347827 0.20772946859903377 0.04800724637681164
257 0.7808212560386473 0.2402536231884058 0.19565217391304354 0.04347826086956524
135 0.7741787439613527 0.18318840579710144 0.20169082125603857 0.039855072463768126
271 0.7753864734299516 0.12476449275362318 0.20169082125603857 0.044384057971014496
200 0.7747826086956522 0.06452898550724637 0.20531400966183583 0.03985507246376812
195 0.47707729468599025 0.07856884057971014 0.20893719806763283 0.03713768115942028
95 0.48009661835748785 0.13608695652173913 0.20531400966183566 0.047101449275362306
256 0.47586956521739127 0.19496376811594204 0.20169082125603877 0.04528985507246379
59 0.4734541062801932 0.25565217391304346 0.18961352657004835 0.03985507246376809
123 0.4728502415458936 0.31362318840579706 0.18599033816425117 0.047101449275362306
133 0.4813043478260869 0.36751811594202893 0.1908212560386474 0.04076086956521742
100 0.48251207729468587 0.4273007246376811 0.20531400966183574 0.04076086956521742
185 0.48734299516908214 0.4870833333333333 0.20772946859903385 0.04438405797101453
254 0.484927536231884 0.548677536231884 0.2028985507246376 0.048007246376811565
