61 0.2065458937198067 0.16416666666666666 0.21376811594202896 0.048913043478260865
103 0.21198067632850237 0.22530797101449274 0.22946859903381636 0.04438405797101446
159 0.20835748792270528 0.27875 0.21980676328502408 0.03894927536231883
129 0.20775362318840576 0.331286231884058 0.22101449275362314 0.04438405797101446
138 0.2011111111111111 0.3901630434782608 0.20531400966183574 0.05344202898550726
98 0.2131884057971014 0.4553804347826086 0.22463768115942032 0.04438405797101446
194 0.2125845410628019 0.5106340579710145 0.21135265700483086 0.04438405797101453
58 0.2095652173913043 0.5681521739130434 0.22463768115942023 0.041666666666666644
104 0.2168115942028985 0.6270289855072464 0.21739130434782616 0.03804347826086953
217 0.2095652173913043 0.685 0.2101449275362319 0.03804347826086953
122 0.5042512077294686 0.6777536231884057 0.2004830917874396 0.04347826086956516
222 0.7916908212560386 0.6677898550724638 0.20772946859903377 0.04891304347826079
136 0.7820289855072463 0.6138949275362319 0.1884057971014492 0.03894927536231883
93 0.78987922705314 0.5554710144927536 0.21376811594202896 0.036231884057971016
62 0.7868599033816425 0.4984057971014492 0.20289855072463772 0.036231884057971016
197 0.7856521739130435 0.44134057971014484 0.21739130434782605 0.03985507246376806
57 0.7850483091787439 0.38653985507246374 0.2161835748792269 0.04619565217391305
31 0.7850483091787439 0.3321920289855072 0.22342995169082108 0.03894927536231883
154 0.7717632850241546 0.2801086956521739 0.20169082125603857 0.04166666666666668
71 0.7753864734299516 0.22259057971014493 0.2065217391304348 0.04257246376811594
94 0.7717632850241546 0.16778985507246374 0.2185990338164252 0.038043478260869554
155 0.48673913043478256 0.1668840579710145 0.18719806763285032 0.041666666666666664
62 0.49217391304347824 0.22394927536231884 0.20289855072463772 0.045289855072463754
25 0.49579710144927536 0.2801086956521739 0.19565217391304354 0.03623188405797098
160 0.4964009661835748 0.3371739130434782 0.20410628019323668 0.04166666666666668
22 0.5006280193236715 0.3924275362318841 0.20772946859903385 0.041666666666666644
30 0.49458937198067626 0.44903985507246374 0.1884057971014492 0.04076086956521742
187 0.48915458937198064 0.5051992753623188 0.18236714975845417 0.04076086956521742
193 0.4994202898550724 0.56 0.19565217391304354 0.04347826086956524
20 0.5108937198067631 0.6166123188405797 0.20169082125603865 0.03894927536231883
