127 0.23553140096618355 0.15827898550724637 0.21376811594202896 0.04257246376811594
226 0.23371980676328497 0.21534420289855072 0.20772946859903385 0.04619565217391305
247 0.23915458937198064 0.2692391304347826 0.23067632850241543 0.045289855072463754
218 0.23613526570048304 0.3235869565217391 0.22705314009661834 0.036231884057971016
24 0.2343236714975845 0.37929347826086957 0.21376811594202896 0.04076086956521735
18 0.2313043478260869 0.4313768115942028 0.20289855072463772 0.03804347826086961
27 0.2373429951690821 0.487536231884058 0.2198067632850242 0.036231884057971016
131 0.23794685990338163 0.5482246376811594 0.23550724637681159 0.04347826086956516
72 0.23673913043478256 0.6025724637681159 0.2282608695652174 0.03804347826086961
198 0.23794685990338157 0.6609963768115941 0.23309178743961356 0.03713768115942017
272 0.5229710144927536 0.6600905797101448 0.2379227053140096 0.04257246376811594
225 0.8170531400966183 0.6564673913043478 -0.22946859903381647 0.05344202898550726
161 0.8176570048309177 0.5994021739130434 0.2451690821256038 0.04076086956521735
258 0.8206763285024153 0.5332789855072464 -0.251207729468599 0.05344202898550719
219 0.8182608695652174 0.47893115942028985 0.23913043478260876 0.04619565217391305
67 0.8079951690821255 0.4259420289855072 0.24033816425120771 0.039855072463768126
152 0.806183574879227 0.36842391304347827 0.251207729468599 0.04438405797101446
32 0.8067874396135265 0.3158876811594203 0.23309178743961337 0.04800724637681164
132 0.806183574879227 0.25882246376811596 0.2415458937198067 0.04619565217391301
191 0.7971256038647342 0.20175724637681158 0.2258454106280192 0.04619565217391305
64 0.8025603864734299 0.1465036231884058 0.23429951690821252 0.04257246376811594
91 0.5229710144927536 0.15239130434782605 0.2379227053140096 0.039855072463768106
252 0.5175362318840578 0.20628623188405798 -0.22463768115942023 0.05163043478260871
224 0.5127053140096617 0.26289855072463764 -0.20531400966183574 0.048913043478260865
189 0.5163285024154589 0.3154347826086956 -0.2222222222222223 0.045289855072463754
17 0.5235748792270531 0.3693297101449275 -0.21980676328502427 0.04619565217391298
55 0.5235748792270531 0.4245833333333333 -0.2342995169082126 0.04257246376811594
26 0.5205555555555554 0.4839130434782608 -0.2282608695652174 0.05615942028985508
105 0.5205555555555555 0.5409782608695651 -0.23309178743961356 0.05072463768115938
63 0.5211594202898551 0.5980434782608696 0.2198067632850242 0.041666666666666644
