Clock frequency is approx. 2688.2 MHz
Memory mountain (MB/sec)
	s1	s2	s3	s4	s5	s6	s7	s8	s9	s10	s11	s12	s13	s14	s15	s16	s17	s18	s19	s20	s21	s22	s23	s24	s25	s26	s27	s28	s29	s30	s31	s32	s33	s34	s35	s36	s37	s38	s39	s40	s41	s42	s43	s44	s45	s46	s47	s48	s49	s50	s51	s52	s53	s54	s55	s56	s57	s58	s59	s60	s61	s62	s63	s64	
64m	9776.7	5532.6	4328.9	3441.6	2785.9	2531.3	2684.6	2514.2	2537.5	1906.3	1801.6	1887.8	1871.7	1784.4	1838.9	1682.2	1747.3	1725.8	1679.6	1818.2	1626.3	1762.7	1709.6	2409.6	1869.0	1868.2	1963.1	1896.7	2045.5	2001.8	2046.3	1639.5	2062.2	1957.7	2167.7	2270.0	2227.9	2289.0	2385.9	3683.3	2194.1	2176.2	2412.2	2398.4	2425.8	2449.5	2606.6	2234.5	2559.1	2586.5	2529.4	3561.0	2545.7	2599.7	2753.1	3073.0	2768.2	3521.1	2514.5	2606.3	2750.7	2651.4	2996.8	1647.0	
32m	7665.2	6098.6	4873.9	3612.9	3240.2	3506.1	2358.7	2163.1	2725.4	3460.3	2003.8	3246.1	3334.8	2134.8	2295.6	1928.1	2415.0	2576.9	2563.9	2575.3	2596.1	2831.7	2924.3	3175.5	2786.1	2943.5	3263.0	2904.1	3056.1	3271.6	3400.5	1925.6	3421.6	3440.1	3509.7	3664.1	3839.0	3672.0	3874.8	4075.5	3928.5	3775.2	4016.1	3742.2	3818.3	3830.2	3852.0	3190.1	3956.3	4027.9	4044.3	4043.0	4039.8	4020.0	4018.7	4050.1	4013.8	3900.3	3321.9	3325.8	3944.7	3959.0	3692.6	1976.6	
16m	8684.6	8313.5	7726.2	12890.1	6096.0	5264.2	4843.9	4375.2	4295.3	4268.6	4174.7	4273.7	4020.5	4230.7	4000.0	3062.7	3945.8	4226.6	4206.5	4254.7	4242.0	4298.3	4173.4	4366.9	4216.6	4167.6	4206.8	4222.3	3901.7	4125.1	3853.4	3167.3	3845.7	3824.5	3828.6	4174.6	3820.1	3842.6	4093.7	4229.5	4164.0	4157.5	4158.1	4160.0	4137.2	4128.6	4106.4	3358.2	4096.0	4131.0	4229.6	4359.8	4294.4	4082.1	4087.8	4225.4	4309.5	4354.0	4301.5	4376.1	4305.2	4331.1	4070.6	2939.4	
8m	9267.9	9300.4	9308.4	9217.7	8452.5	7219.7	6314.0	5245.4	5511.4	5440.6	5338.9	5360.4	5404.8	5387.1	5288.2	3700.0	5295.7	5563.2	5020.4	5336.3	5387.0	5422.5	5413.8	5624.4	5526.7	5294.1	5350.7	5473.0	5574.6	5761.7	5901.7	3695.3	6130.9	6242.4	6344.6	6654.4	6678.2	7117.8	7070.5	8315.0	7561.1	7691.7	7773.8	8042.3	7966.1	8005.5	8150.3	4242.9	8480.6	8847.8	8395.3	8718.5	8604.2	8920.0	8831.4	9246.9	9046.0	8931.7	9041.2	9178.4	9191.8	9112.9	9247.2	3633.5	
4m	9312.9	9312.1	9309.3	9312.7	8509.9	7230.2	6256.2	5630.1	5493.7	5465.4	5480.8	5571.5	5665.3	5829.0	6061.4	3709.0	6586.2	6876.7	7298.7	7315.6	7705.4	7961.4	8394.8	8915.6	8351.3	8643.8	8607.8	9114.2	8946.1	9187.8	9167.1	3699.6	9328.1	9327.7	9314.9	9306.9	9308.2	9312.4	9323.0	9329.4	9331.6	9332.4	9308.8	9326.4	9323.4	9334.0	9332.3	9226.2	9328.8	9319.8	9333.0	9325.1	9326.5	9320.5	9327.6	9323.9	9320.1	9336.2	9334.8	9337.1	9329.6	9339.4	9318.4	3689.7	
2m	9312.1	9313.3	9308.8	9312.3	9312.6	9082.2	8714.4	8307.8	8504.1	8698.9	8894.6	8958.1	8963.2	9075.6	9100.2	6492.3	9318.3	9323.6	9318.3	9332.4	9326.5	9329.8	9331.9	9331.7	9339.9	9339.6	9333.8	9334.3	9338.0	9327.9	9334.6	6484.6	9332.2	9324.5	9331.0	9339.1	9339.5	9333.0	9339.2	9347.2	9329.7	9342.1	9337.9	9352.2	9336.6	9325.5	9340.3	9319.8	9337.2	9343.0	9331.3	9318.6	9337.0	9324.7	9348.9	9345.6	9348.2	9351.3	9354.8	9337.9	9354.0	9337.5	9348.6	6415.7	
1024k	9315.0	9315.8	9317.1	9317.9	9321.4	9323.6	9325.7	9309.6	9316.4	9331.2	9331.2	9331.7	9329.9	9340.4	9331.6	9300.7	9340.3	9340.3	9333.0	9334.8	9327.8	9318.2	9345.4	9340.5	9338.4	9336.3	9336.4	9335.2	9342.3	9347.2	9347.1	9351.1	9345.5	9344.5	9353.8	9341.4	9358.8	9368.3	9364.5	9343.5	9364.0	9360.4	9356.5	9360.4	9343.4	9381.1	9333.0	9365.8	9335.4	9370.7	9355.0	9384.5	9366.6	9368.2	9355.7	9366.2	9365.9	9374.5	9360.3	9388.3	9376.5	9354.5	9380.0	9359.0	
512k	9316.8	9317.2	9321.7	9333.7	9336.8	9341.4	9339.5	9342.1	9344.7	9342.3	9341.3	9348.0	9345.9	9343.8	9337.9	9343.1	9340.3	9352.5	9335.3	9373.3	9370.8	9341.3	9366.8	9336.1	9380.1	9361.8	9371.6	9352.3	9381.7	9339.8	9373.8	9378.9	9361.6	9378.3	9346.9	9397.1	9404.7	9384.9	9381.5	9400.8	9361.1	9399.7	9380.2	9349.1	9376.5	9392.2	9370.9	9392.4	9411.4	9426.7	9399.6	9410.6	9403.0	9415.5	9365.5	9425.8	9408.7	9403.5	9426.8	9426.0	9398.9	9447.8	9431.4	9411.0	
256k	9318.4	9333.7	9341.4	9335.2	9349.7	9356.9	9361.2	9349.1	9348.1	9360.9	9344.0	9362.9	9355.4	9369.7	9347.2	9382.9	9352.9	9379.1	9389.7	9365.8	9383.9	9409.5	9369.3	9368.4	9364.1	9417.1	9415.5	9432.9	9410.8	9433.5	9393.2	9451.4	9431.3	9386.8	9451.6	9473.8	9493.1	9451.2	9439.6	9410.2	9432.3	9510.8	9461.5	9498.0	9444.4	9420.3	9476.7	9495.7	9497.5	9508.5	9503.0	9489.7	9524.3	9538.4	9518.6	9532.9	9554.1	9550.3	9555.0	9564.1	9562.3	9615.7	9560.4	9558.1	
128k	9327.8	9350.1	9362.9	9367.0	9373.3	9395.8	9383.7	9403.0	9406.1	9410.9	9437.2	9440.7	9423.7	9432.9	9479.2	9492.1	9481.3	9492.2	9480.2	9522.1	9532.4	9520.6	9513.9	9557.5	9547.1	9570.1	9594.5	9561.9	9580.4	9611.1	9599.4	9692.7	9811.5	9832.1	9809.6	9844.1	9856.7	9863.4	9882.2	9939.7	9920.9	9961.0	9967.9	9981.9	9959.4	9972.3	10019.7	9811.2	10067.6	10065.4	10100.4	10080.8	10103.2	10162.4	10200.6	10178.6	10164.8	10223.3	10153.9	10228.3	10238.1	10257.9	10278.4	10046.4	
64k	9339.2	9373.0	9374.8	9427.1	9426.0	9434.6	9468.4	9484.0	9501.4	9491.3	9543.3	9569.9	9570.1	9591.1	9611.1	9675.6	9832.1	9824.4	9905.6	9939.7	9961.0	9981.9	9998.3	10025.7	10065.4	10050.9	10099.5	10145.8	10189.0	10192.8	10295.0	10046.4	10301.3	10443.9	10397.4	10454.1	10532.8	10581.0	10551.8	10584.8	10685.9	10643.7	10724.7	10760.0	10694.1	10752.8	10893.5	10920.8	10891.3	11004.8	11071.6	11141.9	11149.7	11244.1	11194.6	11232.9	11272.8	11240.7	11389.0	11290.5	11366.7	11457.4	11457.9	10923.5	
32k	9377.0	9395.0	9452.9	9508.5	9532.4	9569.9	9605.7	9675.6	9824.4	9917.3	10006.8	10025.7	10110.9	10211.7	10192.8	10046.4	10401.9	10454.1	10485.2	10635.9	10643.7	10702.5	10813.6	10986.2	11004.8	11141.9	11244.1	11232.9	11324.6	11378.0	11457.4	10923.5	11494.4	11767.0	11757.8	11991.5	12015.5	12068.9	12272.2	12231.3	12344.1	12334.1	12339.8	15384.8	14825.9	14500.0	12326.8	11603.5	11365.3	11433.6	11206.7	14113.1	17673.5	14043.6	13788.6	13794.7	16415.2	13537.0	16577.3	15953.9	16404.2	14785.1	17047.2	16004.2	
16k	9210.3	9574.7	9683.6	9813.6	9917.3	10053.1	10178.6	10348.6	10499.0	10635.9	10760.0	10986.2	11141.9	11232.9	11466.9	11763.8	11767.0	11991.5	12196.0	10584.8	12480.9	15625.2	16500.0	11603.5	11433.6	18016.7	11007.1	10625.7	13299.5	13590.4	16129.2	14337.1	16260.4	11146.8	22465.7	15681.2	14852.3	19976.1	15681.2	14857.8	19153.5	19414.8	19696.3	17857.4	18817.4	17722.2	18709.9	21825.7	14964.3	6976.5	16594.5	6940.9	11225.1	6787.7	15967.9	19623.9	19287.9	12227.0	11634.9	11119.4	14408.8	14193.7	15194.2	14960.4	
8k	8988.5	9813.6	10080.8	10427.0	10635.9	10920.8	11232.9	11664.1	11991.5	12368.8	15873.2	11458.5	13881.7	13556.9	20385.6	14337.1	18471.8	19111.5	21455.9	21143.8	19414.8	18518.7	17722.2	15278.0	15697.2	18408.4	19393.5	13082.6	15793.2	16679.1	14785.1	14337.1	11494.4	12903.4	13674.8	13868.7	14145.1	13761.0	14855.9	19585.5	12737.0	12480.9	17025.3	11904.9	16308.4	11962.5	12309.1	11424.9	14964.3	10954.4	11318.8	10551.2	14785.1	10682.1	10469.8	10328.4	12012.9	9974.7	10304.8	9620.9	9479.5	11828.1	12480.9	9055.0	
4k	9813.6	10348.6	10986.2	11664.1	12509.3	11458.5	17473.3	20854.0	23521.8	18324.6	17241.6	16369.2	16284.3	16353.2	15953.9	14337.1	14662.9	10896.8	8499.5	19585.5	12480.9	7812.6	7476.6	10880.8	11531.0	15073.1	10682.1	10902.2	11844.9	9139.9	11088.8	9055.0	10416.8	8960.7	8736.7	8438.0	5280.4	8988.7	8301.8	12463.5	8316.6	7669.3	8512.6	7812.6	7194.9	10875.0	7308.6	7140.5	7968.6	6804.5	6720.5	6552.5	6468.5	6300.5	8288.6	5771.7	3534.5	8553.4	6182.9	6528.5	6003.7	5914.0	5824.4	3308.6	
2k	10348.6	11763.8	11458.5	18599.5	20360.7	19927.8	16353.2	14960.4	13868.7	18279.8	16666.9	11424.9	12413.2	15095.3	9620.9	5734.8	8960.7	8438.0	8988.7	9139.9	7669.3	7812.6	10875.0	6720.5	6404.3	6167.1	6300.5	6132.5	6272.5	6093.3	6336.5	5734.8	5555.6	7331.5	7087.1	4704.4	4928.4	4749.2	4659.6	4896.4	4390.7	5865.2	4512.3	4121.9	3780.3	3942.7	4128.3	4032.3	3673.9	3360.3	3584.3	4032.3	4256.3	3552.3	3825.5	3456.3	3618.7	3360.3	3264.2	3264.2	3168.2	3168.2	3072.2	3072.2	
